0,310
0,305
0,308
0,307
0,302
0,304
0,303
0,12
0,10
0,8
0,0
0,540
0,417
0,300
0,522
0,416
0,299
0,554
0,523
0,298
0,539
0,521
0,297
0,519
0,415
0,296
0,518
0,414
0,295
0,520
0,413
0,294
0,517
0,412
0,293
0,553
0,516
0,292
0,472
0,411
0,291
0,563
0,410
0,290
0,515
0,471
0,289
0,470
0,409
0,288
0,469
0,407
0,287
0,552
0,406
0,286
0,405
0,404
0,285
0,514
0,403
0,284
0,513
0,468
0,283
0,511
0,467
0,282
0,510
0,402
0,281
0,512
0,401
0,280
0,538
0,400
0,279
0,537
0,399
0,278
0,498
0,466
0,277
0,465
0,398
0,276
0,497
0,397
0,275
0,464
0,396
0,274
0,551
0,395
0,273
0,558
0,496
0,272
0,557
0,463
0,271
0,462
0,394
0,270
0,461
0,393
0,269
0,392
0,268
0,495
0,391
0,267
0,556
0,389
0,266
0,460
0,388
0,265
0,459
0,390
0,264
0,458
0,387
0,263
0,457
0,385
0,262
0,561
0,384
0,261
0,456
0,386
0,260
0,493
0,383
0,259
0,560
0,381
0,258
0,455
0,380
0,257
0,492
0,382
0,256
0,550
0,379
0,255
0,454
0,377
0,254
0,453
0,376
0,253
0,452
0,378
0,252
0,491
0,375
0,251
0,490
0,374
0,250
0,451
0,373
0,249
0,489
0,371
0,248
0,450
0,370
0,247
0,536
0,372
0,246
0,549
0,488
0,245
0,449
0,369
0,244
0,448
0,368
0,242
0,447
0,367
0,241
0,446
0,366
0,240
0,535
1,3
2,2
3,0
3,3
4,0
4,2
5,0
5,1
5,3
6,0
6,2
6,3
86,1
86,3
87,0
87,2
87,3
89,0
89,2
89,3
90,1
90,2
90,4
91,0
91,2
91,4
91,5
92,1
92,2
93,0
93,2
93,3
94,1
94,2
94,4
94,6
95,0
95,2
95,3
96,1
96,2
96,3
96,0
95,1
94,5
94,3
94,0
93,1
92,3
92,0
91,3
91,1
90,3
90,0
89,1
87,4
87,1
86,2
86,0
6,1
5,2
4,3
4,1
3,1
1,2
1,1
1,0
0,494
0,408
2,1
2,3
0,322
0,243
2,0
0,9
0,365
0,239
0,509
0,364
0,238
0,534
0,363
0,237
0,559
0,362
0,236
0,508
0,445
0,235
0,562
0,361
0,234
0,444
0,360
0,233
0,533
0,359
0,232
0,487
0,358
0,231
0,507
0,443
0,230
0,506
0,442
0,229
0,486
0,357
0,228
0,485
0,356
0,227
0,505
0,355
0,226
0,548
0,354
0,225
0,546
0,441
0,224
0,545
0,440
0,223
0,547
0,353
0,222
0,532
0,352
0,221
0,504
0,351
0,220
0,503
0,350
0,219
0,502
0,439
0,218
0,438
0,349
0,217
0,484
0,348
0,216
0,501
0,347
0,215
0,436
0,346
0,214
0,483
0,437
0,213
0,482
0,434
0,212
0,433
0,345
0,211
0,435
0,344
0,210
0,432
0,343
0,209
0,481
0,342
0,208
0,480
0,341
0,207
0,430
0,340
0,206
0,531
0,429
0,205
0,431
0,339
0,204
0,530
0,338
0,203
0,529
0,428
0,202
0,544
0,337
0,201
0,427
0,336
0,200
0,543
0,335
0,199
0,334
0,333
0,198
0,426
0,332
0,197
0,478
0,425
0,196
0,479
0,424
0,195
0,476
0,331
0,194
0,475
0,330
0,193
0,477
0,329
0,192
0,474
0,328
0,63
0,473
0,423
0,62
0,422
0,327
0,61
0,528
0,326
0,60
0,421
0,324
0,59
0,325
0,323
0,58
0,500
0,321
0,57
0,499
0,320
0,56
0,420
0,319
0,55
0,419
0,318
0,54
0,555
0,317
0,53
0,316
0,52
0,315
0,51
0,542
0,314
0,50
0,541
0,313
0,49
0,527
0,312
0,48
0,525
0,311
0,47
0,524
0,309
0,46
0,526
0,306
0,45
0,418
0,301
0,6
0,5
0,1
0,11
0,4
0,2
0,3
0,7
